596 0.000000
2359 0.439592
4122 0.439592
5886 0.424036
7649 0.423710
9413 0.423469
11176 0.407828
12939 0.408395
14703 0.408163
16466 0.392513
18229 0.392513
19993 0.392290
21756 0.392513
23519 0.377198
25283 0.376984
27046 0.376631
28809 0.365286
30573 0.365079
32336 0.365286
34099 0.349404
35863 0.349773
37626 0.349404
39389 0.334090
41153 0.333900
42916 0.334090
44679 0.334090
46443 0.318594
48206 0.318208
49969 0.318208
51733 0.306689
53496 0.306296
55260 0.306689
57023 0.290981
58786 0.290981
60550 0.290816
62313 0.275099
64076 0.275099
65840 0.275510
67603 0.275099
69366 0.259784
71130 0.259637
72893 0.259784
74656 0.247873
76420 0.248299
78183 0.247873
79946 0.232558
81710 0.232426
83473 0.231991
85236 0.216676
87000 0.217120
88763 0.216676
90526 0.205332
92290 0.205215
94053 0.204765
95816 0.205332
97580 0.189342
99343 0.189450
101106 0.189450
102870 0.178005
104633 0.177538
106397 0.177438
108160 0.161656
109923 0.162223
111687 0.162132
113450 0.150312
115213 0.150312
116977 0.150227
118740 0.150312
120503 0.134430
122267 0.134921
124030 0.134430
125793 0.123086
127557 0.123016
129320 0.123086
131083 0.107204
132847 0.107710
134610 0.107204
136373 0.095859
138137 0.095805
139900 0.095292
141663 0.095859
143427 0.080499
145190 0.079977
146954 0.079932
148717 0.068066
150480 0.068066
152244 0.068594
154007 0.064095
155770 0.064095
157534 0.064626
159297 0.060125
161060 0.060692
162824 0.060658
164587 0.060125
166350 0.056721
168114 0.056689
169877 0.056154
171640 0.052751
173404 0.052721
175167 0.052751
176930 0.048780
178694 0.048753
180457 0.048780
182220 0.044810
183984 0.045351
185747 0.044810
187510 0.044810
189274 0.041383
191037 0.040839
192800 0.040839
194564 0.037415
196327 0.036869
198091 0.037415
199854 0.032898
201617 0.032898
203381 0.033447
205144 0.032898
206907 0.032898
208671 0.033447
210434 0.032898
212197 0.031764
213961 0.029478
215724 0.028928
217487 0.029495
219251 0.025510
221014 0.024957
222777 0.025525
224541 0.025510
226304 0.024957
228067 0.025525
229831 0.021542
231594 0.021554
233357 0.021554
235121 0.021542
236884 0.017584
238647 0.017584
240411 0.017574
242174 0.017584
243938 0.017574
245701 0.017016
247464 0.013613
249228 0.013605
250991 0.013613
252754 0.013613
254518 0.013605
256281 0.013613
258044 0.009643
259808 0.009637
261571 0.009643
263334 0.009643
265098 0.009637
266861 0.009643
268624 0.009643
270388 0.009637
272151 0.009643
273914 0.009643
275678 0.006236
277441 0.005672
279204 0.005672
280968 0.006236
282731 0.005672
284494 0.005672
286258 0.006236
288021 0.005672
289785 0.005669
291548 0.005672
293311 0.001702
295075 0.002268
296838 0.001702
298601 0.001702
300365 0.002268
302128 0.001702
303891 0.001702
305655 0.002268
307418 0.001702
309181 0.001702
310945 0.002268
312708 0.001702
314471 0.001702
316235 0.002268
317998 0.001702
319761 0.001702
321525 0.002268
323288 0.001702
325051 0.001702
326815 0.002268
328578 0.001702
330341 0.001702
332105 0.002268
333868 0.001702
335631 0.001702
337395 0.002268
339158 0.001702
340922 0.002268
342685 0.001702
344448 0.001702
346212 0.002268
347975 0.001702
349738 0.001702
351502 0.002268
353265 0.001702
355028 0.001702
356792 0.006236
358555 0.005672
360318 0.005672
362082 0.006236
363845 0.005672
365608 0.005672
367372 0.006236
369135 0.005672
370898 0.005672
372662 0.010204
374425 0.009643
376188 0.009643
377952 0.010204
379715 0.009643
381478 0.009643
383242 0.010204
385005 0.009643
386769 0.009637
388532 0.009643
390295 0.013613
392059 0.013605
393822 0.013613
395585 0.013613
397349 0.013605
399112 0.013613
400875 0.017584
402639 0.017574
404402 0.017584
406165 0.017584
407929 0.017574
409692 0.017584
411455 0.017584
413219 0.021542
414982 0.020987
416745 0.021554
418509 0.025510
420272 0.024957
422035 0.025525
423799 0.025510
425562 0.024957
427325 0.025525
429089 0.025510
430852 0.028928
432616 0.029478
434379 0.028928
436142 0.032898
437906 0.033447
439669 0.032898
441432 0.032898
443196 0.033447
444959 0.036869
446722 0.036869
448486 0.037415
450249 0.036869
452012 0.040839
453776 0.041383
455539 0.040839
457302 0.044810
459066 0.044785
460829 0.044810
462592 0.048780
464356 0.048753
466119 0.048780
467882 0.052751
469646 0.052721
471409 0.052751
473172 0.052751
474936 0.056689
476699 0.056721
478463 0.056689
480226 0.060125
481989 0.060692
483753 0.060658
485516 0.064095
487279 0.064095
489043 0.064626
490806 0.068066
492569 0.068066
494333 0.068594
496096 0.068066
497859 0.064663
499623 0.064626
501386 0.064095
503149 0.060692
504913 0.060658
506676 0.060125
508439 0.056721
510203 0.056689
511966 0.056721
513729 0.052751
515493 0.052721
517256 0.052751
519019 0.052751
520783 0.048753
522546 0.048780
524309 0.048780
526073 0.045351
527836 0.044810
529600 0.044785
531363 0.040839
533126 0.040839
534890 0.040816
536653 0.036869
538416 0.036869
540180 0.037415
541943 0.032898
543706 0.032898
545470 0.033447
547233 0.032898
548996 0.032898
550760 0.033447
552523 0.032898
554286 0.031764
556050 0.029478
557813 0.028928
559576 0.029495
561340 0.025510
563103 0.024957
564866 0.025525
566630 0.025510
568393 0.024957
570156 0.025525
571920 0.025510
573683 0.021554
575447 0.021542
577210 0.020987
578973 0.017584
580737 0.017574
582500 0.017016
584263 0.017584
586027 0.017574
587790 0.017016
589553 0.013613
591317 0.013605
593080 0.013613
594843 0.013613
596607 0.013605
598370 0.013613
600133 0.013613
601897 0.009637
603660 0.009643
605423 0.009643
607187 0.010204
608950 0.009643
610713 0.009643
612477 0.010204
614240 0.009643
616003 0.009643
617767 0.010204
619530 0.005672
621294 0.005669
623057 0.005672
624820 0.005672
626584 0.005669
628347 0.005672
630110 0.005672
631874 0.005669
633637 0.005672
635400 0.001702
637164 0.002268
638927 0.001702
640690 0.001702
642454 0.002268
644217 0.001702
645980 0.001702
647744 0.002268
649507 0.001702
651270 0.001702
653034 0.002268
654797 0.001702
656560 0.001702
658324 0.002268
660087 0.001702
661850 0.001702
663614 0.002268
665377 0.001702
667141 0.001701
668904 0.001702
670667 0.001702
672431 0.002268
674194 0.001702
675957 0.001702
677721 0.002268
679484 0.001702
681247 0.001702
683011 0.002268
684774 0.001702
686537 0.001702
688301 0.002268
690064 0.001702
691827 0.001702
693591 0.002268
695354 0.001702
697117 0.001702
698881 0.006236
700644 0.005672
702407 0.005672
704171 0.006236
705934 0.005672
707697 0.005672
709461 0.006236
711224 0.005672
712988 0.005669
714751 0.005672
716514 0.009643
718278 0.009637
720041 0.009643
721804 0.009643
723568 0.009637
725331 0.009643
727094 0.009643
728858 0.009637
730621 0.009643
732384 0.013613
734148 0.013605
735911 0.013613
737674 0.013613
739438 0.013605
741201 0.013613
742964 0.013613
744728 0.017574
746491 0.017584
748254 0.017584
750018 0.017574
751781 0.017584
753544 0.017584
755308 0.021542
757071 0.021554
758834 0.021554
760598 0.021542
762361 0.025525
764125 0.025510
765888 0.024957
767651 0.025525
769415 0.025510
771178 0.024957
772941 0.028928
774705 0.029478
776468 0.028928
778231 0.032898
779995 0.033447
781758 0.032898
783521 0.032898
785285 0.033447
787048 0.032898
788811 0.036869
790575 0.037415
792338 0.036869
794101 0.040839
795865 0.041383
797628 0.040839
799391 0.044810
801155 0.045351
802918 0.044810
804681 0.044810
806445 0.048753
808208 0.048780
809972 0.048753
811735 0.052184
813498 0.052751
815262 0.052721
817025 0.056154
818788 0.056721
820552 0.056689
822315 0.060125
824078 0.060692
825842 0.060658
827605 0.060125
829368 0.064663
831132 0.064626
832895 0.064095
834658 0.068066
836422 0.068594
838185 0.068066
839948 0.079977
841712 0.079932
843475 0.079977
845238 0.095859
847002 0.095805
848765 0.095292
850528 0.107204
852292 0.107710
854055 0.107204
855819 0.107143
857582 0.122518
859345 0.123086
861109 0.123016
862872 0.134430
864635 0.134430
866399 0.134921
868162 0.150312
869925 0.150312
871689 0.150227
873452 0.161656
875215 0.162223
876979 0.162132
878742 0.161656
880505 0.177538
882269 0.178005
884032 0.177538
885795 0.189450
887559 0.189342
889322 0.189450
891085 0.205332
892849 0.205215
894612 0.204765
896375 0.216676
898139 0.217120
899902 0.216676
901666 0.216553
903429 0.231991
905192 0.232558
906956 0.232426
908719 0.247873
910482 0.247873
912246 0.248299
914009 0.259784
915772 0.259784
917536 0.259637
919299 0.275099
921062 0.275099
922826 0.275510
924589 0.275099
926352 0.290981
928116 0.290816
929879 0.290981
931642 0.306863
933406 0.306689
935169 0.306296
936932 0.318208
938696 0.318594
940459 0.318208
942222 0.334090
943986 0.333900
945749 0.334090
947512 0.334090
949276 0.349773
951039 0.349404
952803 0.349773
954566 0.364719
956329 0.365286
958093 0.365079
959856 0.376631
961619 0.377198
963383 0.376984
965146 0.392513
966909 0.392513
968673 0.392290
970436 0.392513
972199 0.408395
973963 0.408163
975726 0.407828
977489 0.423710
979253 0.424036
981016 0.423710
982779 0.439592
984543 0.439342
986306 0.439592
988069 0.451503
989833 0.451247
991596 0.450936
993359 0.466818
995123 0.467120
996886 0.466818
998650 0.466553
1000413 0.482133
1002176 0.482133
1003940 0.482426
1005703 0.498015
1007466 0.498015
1009230 0.497732
1010993 0.513330
1012756 0.513897
1014520 0.513605
1016283 0.529212
1018046 0.529212
1019810 0.529478
1021573 0.529212
1023336 0.545094
1025100 0.544785
1026863 0.544526
1028626 0.557005
1030390 0.556689
1032153 0.556438
1033916 0.572320
1035680 0.571995
1037443 0.572320
1039206 0.588202
1040970 0.587868
1042733 0.587635
1044497 0.587868
1046260 0.603517
1048023 0.603517
1049787 0.603175
1051550 0.618832
1053313 0.619399
1055077 0.619048
1056840 0.630743
1058603 0.630743
1060367 0.630952
1062130 0.646058
1063893 0.646625
1065657 0.646259
1067420 0.646625
1069183 0.661940
1070947 0.662132
1072710 0.661940
1074473 0.677822
1076237 0.677438
1078000 0.677822
1079763 0.689733
1081527 0.689342
1083290 0.689166
1085053 0.705048
1086817 0.705215
1088580 0.705048
1090344 0.704649
1092107 0.720363
1093870 0.720930
1095634 0.720522
1097397 0.736245
1099160 0.736245
1100924 0.736395
1102687 0.748157
1104450 0.748157
1106214 0.747732
1107977 0.763471
1109740 0.763471
1111504 0.763605
1113267 0.763471
1115030 0.779353
1116794 0.778912
1118557 0.779353
1120320 0.791265
1122084 0.790816
1123847 0.790698
1125610 0.806580
1127374 0.806689
1129137 0.806580
1130900 0.818491
1132664 0.818027
1134427 0.818491
1136190 0.818491
1137954 0.833900
1139717 0.833806
1141481 0.833900
1143244 0.845718
1145007 0.845718
1146771 0.845238
1148534 0.861032
1150297 0.861600
1152061 0.861111
1153824 0.872944
1155587 0.872944
1157351 0.873016
1159114 0.888826
1160877 0.888826
1162641 0.888322
1164404 0.888826
1166167 0.900737
1167931 0.900227
1169694 0.900170
1171457 0.916052
1173221 0.916100
1174984 0.916052
1176747 0.927964
1178511 0.927438
1180274 0.927964
1182037 0.931934
1183801 0.931406
1185564 0.931934
1187328 0.931406
1189091 0.935337
1190854 0.935337
1192618 0.935374
1194381 0.939308
1196144 0.939308
1197908 0.939342
1199671 0.943279
1201434 0.943279
1203198 0.943311
1204961 0.947249
1206724 0.947249
1208488 0.947279
1210251 0.947249
1212014 0.951220
1213778 0.951247
1215541 0.951220
1217304 0.955190
1219068 0.954649
1220831 0.955190
1222594 0.959161
1224358 0.958617
1226121 0.959161
1227884 0.963131
1229648 0.962585
1231411 0.963131
1233175 0.962585
1234938 0.962564
1236701 0.963131
1238465 0.962585
1240228 0.966534
1241991 0.967102
1243755 0.966553
1245518 0.970505
1247281 0.971072
1249045 0.970522
1250808 0.970505
1252571 0.971072
1254335 0.970522
1256098 0.970505
1257861 0.974475
1259625 0.974490
1261388 0.974475
1263151 0.978446
1264915 0.978458
1266678 0.978446
1268441 0.978446
1270205 0.978458
1271968 0.978446
1273731 0.982416
1275495 0.982426
1277258 0.982416
1279021 0.982416
1280785 0.982426
1282548 0.982416
1284312 0.981859
1286075 0.986387
1287838 0.986387
1289602 0.985828
1291365 0.986387
1293128 0.986387
1294892 0.985828
1296655 0.986387
1298418 0.986387
1300182 0.985828
1301945 0.990357
1303708 0.990357
1305472 0.989796
1307235 0.990357
1308998 0.990357
1310762 0.989796
1312525 0.990357
1314288 0.990357
1316052 0.989796
1317815 0.990357
1319578 0.994328
1321342 0.993764
1323105 0.994328
1324868 0.994328
1326632 0.993764
1328395 0.994328
1330159 0.993764
1331922 0.993761
1333685 0.994328
1335449 0.993764
1337212 0.993761
1338975 0.994328
1340739 0.993764
1342502 0.994328
1344265 0.994328
1346029 0.993764
1347792 0.994328
1349555 0.994328
1351319 0.993764
1353082 0.994328
1354845 0.994328
1356609 0.993764
1358368 0.996589
1358372 0.250000
1360135 0.994328
1361899 0.993764
1363662 0.994328
1365425 0.994328
1367189 0.993764
1368952 0.994328
1370715 0.994328
1372479 0.993764
1374242 0.994328
1376006 0.993764
1377769 0.993761
1379532 0.994328
1381296 0.993764
1383059 0.990357
1384822 0.990357
1386586 0.989796
1388349 0.990357
1390112 0.990357
1391876 0.989796
1393639 0.990357
1395402 0.990357
1397166 0.989796
1398929 0.990357
1400692 0.986387
1402456 0.985828
1404219 0.986387
1405982 0.986387
1407746 0.986395
1409509 0.986387
1411272 0.986387
1413036 0.986395
1414799 0.986387
1416562 0.982416
1418326 0.982426
1420089 0.982416
1421853 0.981859
1423616 0.982416
1425379 0.982416
1427143 0.981859
1428906 0.978446
1430669 0.978446
1432433 0.978458
1434196 0.978446
1435959 0.978446
1437723 0.978458
1439486 0.974475
1441249 0.974475
1443013 0.974490
1444776 0.970505
1446539 0.971072
1448303 0.970522
1450066 0.970505
1451829 0.971072
1453593 0.970522
1455356 0.970505
1457119 0.967102
1458883 0.966553
1460646 0.966534
1462409 0.963131
1464173 0.962585
1465936 0.963131
1467699 0.963131
1469463 0.962585
1471226 0.963131
1472990 0.962585
1474753 0.958593
1476516 0.959161
1478280 0.958617
1480043 0.955190
1481806 0.955190
1483570 0.954649
1485333 0.951220
1487096 0.951220
1488860 0.950680
1490623 0.947249
1492386 0.947249
1494150 0.947279
1495913 0.947249
1497676 0.943279
1499440 0.943311
1501203 0.943279
1502966 0.939875
1504730 0.939342
1506493 0.939308
1508256 0.935905
1510020 0.935374
1511783 0.935337
1513546 0.931934
1515310 0.931406
1517073 0.931934
1518837 0.931406
1520600 0.927396
1522363 0.927964
1524127 0.927438
1525890 0.931367
1527653 0.931934
1529417 0.931406
1531180 0.935337
1532943 0.935905
1534707 0.935374
1536470 0.939308
1538233 0.939308
1539997 0.939342
1541760 0.939308
1543523 0.943279
1545287 0.943311
1547050 0.943279
1548813 0.947249
1550577 0.947279
1552340 0.947249
1554103 0.951220
1555867 0.951247
1557630 0.951220
1559393 0.955190
1561157 0.955215
1562920 0.955190
1564684 0.954649
1566447 0.958593
1568210 0.959161
1569974 0.958617
1571737 0.962564
1573500 0.963131
1575264 0.962585
1577027 0.962564
1578790 0.963131
1580554 0.962585
1582317 0.966534
1584080 0.967102
1585844 0.966553
1587607 0.966534
1589370 0.971072
1591134 0.970522
1592897 0.970505
1594660 0.971072
1596424 0.970522
1598187 0.970505
1599950 0.975043
1601714 0.974490
1603477 0.974475
1605240 0.978446
1607004 0.978458
1608767 0.978446
1610530 0.979013
1612294 0.978458
1614057 0.978446
1615821 0.978458
1617584 0.982416
1619347 0.982416
1621111 0.981859
1622874 0.982416
1624637 0.982416
1626401 0.982426
1628164 0.986387
1629927 0.986387
1631691 0.985828
1633454 0.986387
1635217 0.986387
1636981 0.985828
1638744 0.986387
1640507 0.986387
1642271 0.986395
1644034 0.986387
1645797 0.990357
1647561 0.989796
1649324 0.990357
1651087 0.990357
1652851 0.989796
1654614 0.990357
1656377 0.990357
1658141 0.990363
1659904 0.990357
1661668 0.989796
1663431 0.993761
1665194 0.994328
1666958 0.993764
1668721 0.993761
1670484 0.994328
1672248 0.993764
1674011 0.994328
1675774 0.994328
1677538 0.993764
1679301 0.994328
1681064 0.994328
1682828 0.993764
1684591 0.994328
1686354 0.994328
1688118 0.993764
1689881 0.994328
1691644 0.994328
1693408 0.993764
1695171 0.994328
1696934 0.994328
1698698 0.993764
1700461 0.994328
1702224 0.994328
1703988 0.993764
1705751 0.994328
1707515 0.993764
1709278 0.993761
1711041 0.994328
1712805 0.993764
1714568 0.993761
1716331 0.994328
1718095 0.993764
1719858 0.993761
1721621 0.994328
1723385 0.993764
1725148 0.990357
1726911 0.990357
1728675 0.989796
1730438 0.990357
1732201 0.990357
1733965 0.989796
1735728 0.990357
1737491 0.990357
1739255 0.989796
1741018 0.990357
1742781 0.986387
1744545 0.986395
1746308 0.986387
1748071 0.986387
1749835 0.986395
1751598 0.986387
1753362 0.985828
1755125 0.986387
1756888 0.986387
1758652 0.985828
1760415 0.982416
1762178 0.982416
1763942 0.981859
1765705 0.982416
1767468 0.982416
1769232 0.982426
1770995 0.978446
1772758 0.978446
1774522 0.978458
1776285 0.978446
1778048 0.978446
1779812 0.978458
1781575 0.978446
1783338 0.975043
1785102 0.974490
1786865 0.974475
1788628 0.971072
1790392 0.970522
1792155 0.970505
1793918 0.971072
1795682 0.970522
1797445 0.970505
1799209 0.966553
1800972 0.966534
1802735 0.967102
1804499 0.966553
1806262 0.962564
1808025 0.963131
1809789 0.962585
1811552 0.962564
1813315 0.963131
1815079 0.962585
1816842 0.959161
1818605 0.959161
1820369 0.958617
1822132 0.955190
1823895 0.955190
1825659 0.954649
1827422 0.955190
1829185 0.951220
1830949 0.951247
1832712 0.951220
1834475 0.947249
1836239 0.947279
1838002 0.947249
1839765 0.943279
1841529 0.943311
1843292 0.943279
1845055 0.939875
1846819 0.939342
1848582 0.939308
1850346 0.939342
1852109 0.935337
1853872 0.935337
1855636 0.935374
1857399 0.931367
1859162 0.931934
1860926 0.931406
1862689 0.927396
1864452 0.927964
1866216 0.927438
1867979 0.916052
1869742 0.916052
1871506 0.915533
1873269 0.916052
1875032 0.900737
1876796 0.900227
1878559 0.900170
1880322 0.888826
1882086 0.888322
1883849 0.888826
1885612 0.872944
1887376 0.873016
1889139 0.872944
1890902 0.861600
1892666 0.861111
1894429 0.861600
1896193 0.845238
1897956 0.845718
1899719 0.845718
1901483 0.845238
1903246 0.833806
1905009 0.833806
1906773 0.833900
1908536 0.818491
1910299 0.818491
1912063 0.818027
1913826 0.806580
1915589 0.806580
1917353 0.806689
1919116 0.790698
1920879 0.791265
1922643 0.790816
1924406 0.790698
1926169 0.779353
1927933 0.778912
1929696 0.779353
1931459 0.764039
1933223 0.763605
1934986 0.763471
1936749 0.748157
1938513 0.747732
1940276 0.748157
1942040 0.735828
1943803 0.736245
1945566 0.736245
1947330 0.735828
1949093 0.720363
1950856 0.720930
1952620 0.720522
1954383 0.705048
1956146 0.705048
1957910 0.704649
1959673 0.689166
1961436 0.689733
1963200 0.689342
1964963 0.677822
1966726 0.677822
1968490 0.677438
1970253 0.677822
1972016 0.661940
1973780 0.662132
1975543 0.661940
1977306 0.646625
1979070 0.646259
1980833 0.646625
1982596 0.630743
1984360 0.630952
1986123 0.630743
1987886 0.619399
1989650 0.619048
1991413 0.618832
1993177 0.619048
1994940 0.603517
1996703 0.603517
1998467 0.603175
2000230 0.587635
2001993 0.587635
2003757 0.587868
2005520 0.572320
2007283 0.572320
2009047 0.571995
2010810 0.556438
2012573 0.556438
2014337 0.556689
2016100 0.556438
2017863 0.545094
2019627 0.544785
2021390 0.544526
2023153 0.529212
2024917 0.529478
2026680 0.529212
2028443 0.513897
2030207 0.513605
2031970 0.513330
2033733 0.498015
2035497 0.498299
2037260 0.498015
2039024 0.497732
2040787 0.482133
2042550 0.482133
2044314 0.482426
2046077 0.466818
2047840 0.466818
2049604 0.466553
2051367 0.450936
2053130 0.450936
2054894 0.451247
2056657 0.439024
2058420 0.439592
2060184 0.439342
2061947 0.423710
2063710 0.423710
2065474 0.424036
2067237 0.423710
2069000 0.408395
2070764 0.408163
2072527 0.407828
2074290 0.392513
2076054 0.392857
2077817 0.392513
2079580 0.377198
2081344 0.376984
2083107 0.376631
2084871 0.365079
2086634 0.364719
2088397 0.365286
2090161 0.365079
2091924 0.349404
2093687 0.349404
2095451 0.349773
2097214 0.333522
2098977 0.334090
2100741 0.333900
2102504 0.318208
2104267 0.318208
2106031 0.318594
2107794 0.306296
2109557 0.306863
2111321 0.306689
2113084 0.306296
2114847 0.290981
2116611 0.290816
2118374 0.290981
