596 0.000000
2359 0.001702
4123 0.001701
5886 0.001702
7649 0.001702
9413 0.002268
11176 0.001702
12939 0.005672
14703 0.005669
16466 0.005672
18229 0.005672
19993 0.005669
21756 0.005672
23519 0.005672
25283 0.006236
27046 0.005672
28809 0.005672
30573 0.009637
32336 0.009643
34099 0.009643
35863 0.009637
37626 0.009643
39389 0.009643
41153 0.010204
42916 0.009643
44679 0.009643
46443 0.010204
48206 0.013613
49970 0.013605
51733 0.013046
53496 0.013613
55260 0.013605
57023 0.013613
58786 0.017584
60550 0.017574
62313 0.017016
64076 0.017584
65840 0.017574
67603 0.017016
69366 0.017584
71130 0.021542
72893 0.020987
74656 0.021554
76420 0.025510
78183 0.024957
79946 0.025525
81710 0.025510
83473 0.024957
85236 0.025525
87000 0.029478
88763 0.028928
90526 0.029495
92290 0.033447
94053 0.032898
95816 0.033466
97580 0.033447
99343 0.032898
101107 0.033447
102870 0.032898
104633 0.036869
106397 0.037415
108160 0.040839
109923 0.040839
111687 0.040816
113450 0.044810
115213 0.044810
116977 0.044785
118740 0.044810
120503 0.048780
122267 0.048753
124030 0.048780
125793 0.052751
127557 0.052721
129320 0.052751
131083 0.056721
132847 0.056689
134610 0.056721
136373 0.060692
138137 0.060658
139900 0.060125
141663 0.060692
143427 0.064626
145190 0.064095
146954 0.064626
148717 0.068066
150480 0.068066
152244 0.068594
154007 0.079977
155770 0.079977
157534 0.079932
159297 0.095292
161060 0.095859
162824 0.095805
164587 0.095292
166350 0.107204
168114 0.107710
169877 0.107204
171640 0.123086
173404 0.123016
175167 0.123086
176930 0.134997
178694 0.134921
180457 0.134430
182220 0.150312
183984 0.150227
185747 0.150312
187510 0.150312
189274 0.162132
191037 0.162223
192801 0.162132
194564 0.177538
196327 0.177538
198091 0.177438
199854 0.188883
201617 0.189450
203381 0.189342
205144 0.204765
206907 0.204765
208671 0.205215
210434 0.204765
212197 0.216676
213961 0.216553
215724 0.216676
217487 0.232558
219251 0.232426
221014 0.231991
222777 0.247873
224541 0.248299
226304 0.247873
228067 0.259784
229831 0.259637
231594 0.259784
233357 0.259784
235121 0.275510
236884 0.275099
238648 0.275510
240411 0.290981
242174 0.290981
243938 0.290816
245701 0.306296
247464 0.306296
249228 0.306689
250991 0.318208
252754 0.318208
254518 0.318594
256281 0.333522
258044 0.334090
259808 0.333900
261571 0.333522
263334 0.349404
265098 0.349773
266861 0.349404
268624 0.365286
270388 0.365079
272151 0.365286
273914 0.377198
275678 0.376984
277441 0.376631
279204 0.392513
280968 0.392857
282731 0.392513
284494 0.392513
286258 0.408163
288021 0.408395
289785 0.408163
291548 0.423710
293311 0.423710
295075 0.423469
296838 0.439024
298601 0.439592
300365 0.439342
302128 0.450936
303891 0.450936
305655 0.451247
307418 0.450936
309181 0.466818
310945 0.466553
312708 0.466818
314471 0.482700
316235 0.482426
317998 0.482133
319761 0.498015
321525 0.498299
323288 0.498015
325051 0.513897
326815 0.513605
328578 0.513330
330341 0.513897
332105 0.529478
333868 0.529212
335632 0.528912
337395 0.544526
339158 0.545094
340922 0.544785
342685 0.556438
344448 0.556438
346212 0.556689
347975 0.572320
349738 0.572320
351502 0.571995
353265 0.572320
355028 0.588202
356792 0.587868
358555 0.587635
360318 0.603517
362082 0.603175
363845 0.603517
365608 0.619399
367372 0.619048
369135 0.618832
370898 0.630743
372662 0.630952
374425 0.630743
376188 0.630743
377952 0.646259
379715 0.646625
381479 0.646259
383242 0.661940
385005 0.661940
386769 0.662132
388532 0.677822
390295 0.677822
392059 0.677438
393822 0.689166
395585 0.689733
397349 0.689342
399112 0.705048
400875 0.705048
402639 0.704649
404402 0.705048
406165 0.720930
407929 0.720522
409692 0.720363
411455 0.736245
413219 0.736395
414982 0.736245
416745 0.748157
418509 0.747732
420272 0.748157
422035 0.764039
423799 0.763605
425562 0.763471
427326 0.763605
429089 0.779353
430852 0.779353
432616 0.778912
434379 0.790698
436142 0.791265
437906 0.790816
439669 0.806580
441432 0.806580
443196 0.806689
444959 0.818491
446722 0.818491
448486 0.818027
450249 0.818491
452012 0.833806
453776 0.833900
455539 0.833806
457302 0.845718
459066 0.845805
460829 0.845718
462592 0.861600
464356 0.861111
466119 0.861032
467882 0.872944
469646 0.873016
471409 0.872944
473173 0.873016
474936 0.888259
476699 0.888826
478463 0.888322
480226 0.900170
481989 0.900170
483753 0.900227
485516 0.916052
487279 0.916052
489043 0.915533
490806 0.927396
492569 0.927964
494333 0.927438
496096 0.927396
497859 0.931934
499623 0.931406
501386 0.931367
503149 0.935905
504913 0.935374
506676 0.935337
508439 0.939875
510203 0.939342
511966 0.939308
513729 0.943279
515493 0.943311
517256 0.943279
519019 0.943279
520783 0.947279
522546 0.947249
524310 0.946712
526073 0.951220
527836 0.951220
529600 0.950680
531363 0.955190
533126 0.955190
534890 0.954649
536653 0.959161
538416 0.959161
540180 0.958617
541943 0.962564
543706 0.963131
545470 0.962585
547233 0.962564
548996 0.963131
550760 0.962585
552523 0.962564
554286 0.967102
556050 0.966553
557813 0.966534
559576 0.971072
561340 0.970522
563103 0.970505
564866 0.971072
566630 0.970522
568393 0.970505
570157 0.970522
571920 0.974475
573683 0.974475
575447 0.974490
577210 0.978446
578973 0.978446
580737 0.978458
582500 0.978446
584263 0.978446
586027 0.978458
587790 0.982416
589553 0.982416
591317 0.982426
593080 0.982416
594843 0.982416
596607 0.982426
598370 0.982416
600133 0.986387
601897 0.986395
603660 0.986387
605423 0.986387
607187 0.986395
608950 0.986387
610713 0.986387
612477 0.986395
614240 0.986387
616004 0.985828
617767 0.990357
619530 0.990357
621294 0.989796
623057 0.990357
624820 0.990357
626584 0.989796
628347 0.990357
630110 0.990357
631874 0.989796
633637 0.994328
635400 0.994328
637164 0.993764
638927 0.994328
640690 0.994328
642454 0.993764
644217 0.994328
645980 0.994328
647744 0.993764
649503 0.996589
649507 0.250000
651270 0.994328
653034 0.993764
654797 0.994328
656560 0.994328
658324 0.993764
660087 0.994328
661851 0.993764
663614 0.993761
665377 0.994328
667141 0.993764
668904 0.993761
670667 0.994328
672431 0.993764
674194 0.993761
675957 0.994328
677721 0.993764
679484 0.993761
681247 0.994328
683011 0.993764
684774 0.994328
686537 0.994328
688301 0.993764
690064 0.994328
691827 0.994328
693591 0.993764
695354 0.994328
697117 0.990357
698881 0.989796
700644 0.990357
702407 0.990357
704171 0.989796
705934 0.990357
707697 0.990357
709461 0.989796
711224 0.990357
712988 0.989796
714751 0.986387
716514 0.986387
718278 0.985828
720041 0.986387
721804 0.986387
723568 0.985828
725331 0.986387
727094 0.986387
728858 0.985828
730621 0.982416
732384 0.982416
734148 0.982426
735911 0.982416
737674 0.982416
739438 0.982426
741201 0.982416
742964 0.978446
744728 0.978458
746491 0.978446
748254 0.978446
750018 0.978458
751781 0.978446
753544 0.975043
755308 0.974490
757071 0.974475
758835 0.974490
760598 0.970505
762361 0.970505
764125 0.970522
765888 0.970505
767651 0.970505
769415 0.970522
771178 0.966534
772941 0.967102
774705 0.966553
776468 0.962564
778231 0.963131
779995 0.962585
781758 0.962564
783521 0.963131
785285 0.962585
787048 0.962564
788811 0.959161
790575 0.958617
792338 0.959161
794101 0.955190
795865 0.954649
797628 0.955190
799391 0.951220
801155 0.951247
802918 0.951220
804682 0.950680
806445 0.947249
808208 0.947249
809972 0.946712
811735 0.943279
813498 0.943279
815262 0.943311
817025 0.939308
818788 0.939308
820552 0.939342
822315 0.935337
824078 0.935905
825842 0.935374
827605 0.935337
829368 0.931934
831132 0.931406
832895 0.931367
834658 0.927964
836422 0.927438
838185 0.927964
839948 0.931934
841712 0.931406
843475 0.931367
845238 0.935905
847002 0.935374
848765 0.935337
850529 0.939342
852292 0.939308
854055 0.939308
855819 0.939342
857582 0.943279
859345 0.943279
861109 0.943311
862872 0.947249
864635 0.947249
866399 0.947279
868162 0.951220
869925 0.951220
871689 0.950680
873452 0.955190
875215 0.955190
876979 0.954649
878742 0.955190
880505 0.959161
882269 0.958617
884032 0.959161
885795 0.963131
887559 0.962585
889322 0.963131
891085 0.963131
892849 0.962585
894612 0.963131
896375 0.967102
898139 0.966553
899902 0.967102
901666 0.966553
903429 0.970505
905192 0.970505
906956 0.970522
908719 0.970505
910482 0.970505
912246 0.970522
914009 0.974475
915772 0.974475
917536 0.974490
919299 0.978446
921062 0.978446
922826 0.978458
924589 0.978446
926352 0.978446
928116 0.978458
929879 0.978446
931642 0.982416
933406 0.982426
935169 0.982416
936932 0.982416
938696 0.982426
940459 0.982416
942222 0.986387
943986 0.986395
945749 0.986387
947513 0.985828
949276 0.986387
951039 0.986387
952803 0.985828
954566 0.986387
956329 0.986387
958093 0.985828
959856 0.990357
961619 0.990357
963383 0.989796
965146 0.990357
966909 0.990357
968673 0.989796
970436 0.990357
972199 0.990357
973963 0.989796
975726 0.990357
977489 0.994328
979253 0.993764
981016 0.994328
982779 0.994328
984543 0.993764
986306 0.994328
988069 0.994328
989833 0.993764
991596 0.994328
993360 0.993764
995123 0.993761
996886 0.994328
998650 0.993764
1000413 0.993761
1002176 0.994328
1003940 0.993764
1005703 0.993761
1007466 0.994328
1009230 0.993764
1010993 0.994328
1012756 0.994328
1014520 0.993764
1016283 0.994328
1018046 0.994328
1019810 0.993764
1021573 0.994328
1023336 0.994328
1025100 0.993764
1026863 0.994328
1028626 0.994328
1030390 0.993764
1032153 0.994328
1033916 0.994328
1035680 0.993764
1037443 0.994328
1039206 0.990357
1040970 0.990363
1042733 0.990357
1044497 0.989796
1046260 0.990357
1048023 0.990357
1049787 0.989796
1051550 0.990357
1053313 0.990357
1055077 0.989796
1056840 0.986387
1058603 0.986387
1060367 0.985828
1062130 0.986387
1063893 0.986387
1065657 0.985828
1067420 0.986387
1069183 0.986387
1070947 0.986395
1072710 0.986387
1074473 0.982416
1076237 0.982426
1078000 0.982416
1079763 0.982416
1081527 0.982426
1083290 0.982416
1085053 0.978446
1086817 0.978458
1088580 0.978446
1090344 0.978458
1092107 0.978446
1093870 0.978446
1095634 0.978458
1097397 0.974475
1099160 0.974475
1100924 0.974490
1102687 0.970505
1104450 0.971072
1106214 0.970522
1107977 0.970505
1109740 0.971072
1111504 0.970522
1113267 0.970505
1115030 0.967102
1116794 0.966553
1118557 0.966534
1120320 0.963131
1122084 0.962585
1123847 0.963131
1125610 0.963131
1127374 0.962585
1129137 0.963131
1130900 0.959161
1132664 0.958617
1134427 0.959161
1136191 0.958617
1137954 0.955190
1139717 0.955190
1141481 0.954649
1143244 0.951220
1145007 0.951220
1146771 0.950680
1148534 0.947249
1150297 0.947249
1152061 0.947279
1153824 0.943279
1155587 0.943279
1157351 0.943311
1159114 0.939308
1160877 0.939308
1162641 0.939342
1164404 0.939308
1166167 0.935905
1167931 0.935374
1169694 0.935337
1171457 0.931934
1173221 0.931406
1174984 0.931367
1176747 0.927964
1178511 0.927438
1180274 0.927964
1182038 0.915533
1183801 0.916052
1185564 0.916052
1187328 0.915533
1189091 0.900170
1190854 0.900170
1192618 0.900227
1194381 0.888826
1196144 0.888826
1197908 0.888322
1199671 0.872944
1201434 0.872944
1203198 0.873016
1204961 0.861032
1206724 0.861600
1208488 0.861111
1210251 0.861032
1212014 0.845718
1213778 0.845805
1215541 0.845718
1217304 0.834373
1219068 0.833900
1220831 0.833806
1222594 0.818491
1224358 0.818027
1226121 0.818491
1227884 0.806580
1229648 0.806689
1231411 0.806580
1233175 0.806122
1234938 0.790698
1236701 0.791265
1238465 0.790816
1240228 0.779353
1241991 0.779353
1243755 0.778912
1245518 0.763471
1247281 0.763471
1249045 0.763605
1250808 0.748157
1252571 0.748157
1254335 0.747732
1256098 0.748157
1257861 0.736245
1259625 0.736395
1261388 0.736245
1263151 0.720930
1264915 0.720522
1266678 0.720363
1268441 0.705048
1270205 0.705215
1271968 0.705048
1273731 0.689733
1275495 0.689342
1277258 0.689166
1279022 0.689342
1280785 0.677255
1282548 0.677822
1284312 0.677438
1286075 0.661940
1287838 0.661940
1289602 0.662132
1291365 0.646058
1293128 0.646625
1294892 0.646259
1296655 0.630743
1298418 0.630743
1300182 0.630952
1301945 0.618832
1303708 0.619399
1305472 0.619048
1307235 0.618832
1308998 0.603517
1310762 0.603175
1312525 0.603517
1314288 0.588202
1316052 0.587868
1317815 0.587635
1319578 0.572320
1321342 0.571995
1323105 0.572320
1324869 0.556689
1326632 0.556438
1328395 0.556438
1330159 0.556689
1331922 0.544526
1333685 0.545094
1335449 0.544785
1337212 0.529212
1338975 0.529212
1340739 0.528912
1342502 0.513330
1344265 0.513897
1346029 0.513605
1347792 0.498015
1349555 0.498015
1351319 0.497732
1353082 0.498015
1354845 0.482700
1356609 0.482426
1358372 0.482133
1360135 0.466818
1361899 0.466553
1363662 0.466818
1365425 0.451503
1367189 0.451247
1368952 0.450936
1370716 0.439342
1372479 0.439024
1374242 0.439592
1376006 0.439342
1377769 0.423710
1379532 0.423710
1381296 0.423469
1383059 0.407828
1384822 0.408395
1386586 0.408163
1388349 0.392513
1390112 0.392513
1391876 0.392290
1393639 0.376631
1395402 0.377198
1397166 0.376984
1398929 0.376631
1400692 0.365286
1402456 0.365079
1404219 0.365286
1405982 0.349404
1407746 0.349773
1409509 0.349404
1411272 0.334090
1413036 0.333900
1414799 0.334090
1416563 0.318027
1418326 0.318208
1420089 0.318208
1421853 0.318027
1423616 0.306296
1425379 0.306296
1427143 0.306689
1428906 0.290981
1430669 0.290981
1432433 0.290816
1434196 0.275099
1435959 0.275099
1437723 0.275510
1439486 0.259784
1441249 0.259784
1443013 0.259637
1444776 0.247873
1446539 0.247873
1448303 0.248299
1450066 0.247873
1451829 0.232558
1453593 0.232426
1455356 0.231991
1457119 0.216676
1458883 0.217120
1460646 0.216676
1462409 0.205332
1464173 0.205215
1465936 0.204765
1467700 0.189342
1469463 0.188883
1471226 0.189450
1472990 0.189342
1474753 0.177538
1476516 0.177538
1478280 0.178005
1480043 0.161656
1481806 0.162223
1483570 0.162132
1485333 0.150312
1487096 0.150312
1488860 0.150227
1490623 0.134430
1492386 0.134997
1494150 0.134921
1495913 0.134430
1497676 0.123086
1499440 0.123016
1501203 0.123086
1502966 0.107204
1504730 0.107710
1506493 0.107204
1508256 0.095859
1510020 0.095805
1511783 0.095292
1513547 0.079932
1515310 0.079977
1517073 0.079977
1518837 0.079932
1520600 0.068066
1522363 0.068066
1524127 0.068594
1525890 0.064095
1527653 0.064095
1529417 0.064626
1531180 0.060125
1532943 0.060692
1534707 0.060658
1536470 0.056154
1538233 0.056721
1539997 0.056689
1541760 0.056154
1543523 0.052751
1545287 0.052721
1547050 0.052751
1548813 0.048780
1550577 0.048753
1552340 0.048780
1554103 0.044810
1555867 0.045351
1557630 0.044810
1559393 0.040839
1561157 0.041383
1562920 0.040839
1564684 0.040816
1566447 0.036869
1568210 0.036869
1569974 0.037415
1571737 0.035735
1573500 0.032898
1575264 0.033447
1577027 0.032898
1578790 0.032898
1580554 0.033447
1582317 0.032898
1584080 0.029495
1585844 0.029478
1587607 0.028928
1589370 0.029495
1591134 0.025510
1592897 0.024957
1594660 0.025525
1596424 0.025510
1598187 0.024957
1599950 0.025525
1601714 0.021542
1603477 0.021554
1605240 0.021554
1607004 0.017574
1608767 0.017584
1610531 0.017574
1612294 0.017016
1614057 0.017584
1615821 0.017574
1617584 0.017016
1619347 0.013613
1621111 0.013605
1622874 0.013613
1624637 0.013613
1626401 0.013605
1628164 0.013613
1629927 0.009643
1631691 0.009637
1633454 0.009643
1635217 0.009643
1636981 0.009637
1638744 0.009643
1640507 0.009643
1642271 0.010204
1644034 0.009643
1645797 0.009643
1647561 0.006236
1649324 0.005672
1651087 0.005672
1652851 0.006236
1654614 0.005672
1656378 0.005669
1658141 0.005672
1659904 0.005672
1661668 0.005669
1663431 0.005672
1665194 0.001702
1666958 0.002268
1668721 0.001702
1670484 0.001702
1672248 0.002268
1674011 0.001702
1675774 0.001702
1677538 0.002268
1679301 0.001702
1681064 0.001702
1682828 0.002268
1684591 0.001702
1686354 0.001702
1688118 0.002268
1689881 0.001702
1691644 0.001702
1693408 0.002268
1695171 0.001702
1696934 0.001702
1698698 0.002268
1700461 0.001702
1702225 0.001701
1703988 0.001702
1705751 0.001702
1707515 0.002268
1709278 0.001702
1711041 0.001702
1712805 0.002268
1714568 0.001702
1716331 0.001702
1718095 0.002268
1719858 0.001702
1721621 0.001702
1723385 0.002268
1725148 0.001702
1726911 0.005672
1728675 0.006236
1730438 0.005672
1732201 0.005672
1733965 0.006236
1735728 0.005672
1737491 0.005672
1739255 0.006236
1741018 0.005672
1742781 0.005672
1744545 0.010204
1746308 0.009643
1748072 0.009637
1749835 0.009643
1751598 0.009643
1753362 0.009637
1755125 0.009643
1756888 0.009643
1758652 0.009637
1760415 0.009643
1762178 0.013613
1763942 0.013605
1765705 0.013613
1767468 0.013613
1769232 0.013605
1770995 0.013613
1772758 0.017584
1774522 0.017574
1776285 0.017584
1778048 0.017584
1779812 0.017574
1781575 0.017584
1783338 0.017584
1785102 0.021542
1786865 0.021554
1788628 0.021554
1790392 0.025510
1792155 0.024957
1793918 0.025525
1795682 0.025510
1797445 0.024957
1799209 0.025510
1800972 0.028928
1802735 0.028928
1804499 0.029478
1806262 0.028928
1808025 0.032898
1809789 0.033447
1811552 0.032898
1813315 0.032898
1815079 0.033447
1816842 0.032898
1818605 0.036869
1820369 0.037415
1822132 0.040839
1823895 0.040839
1825659 0.041383
1827422 0.040839
1829185 0.044810
1830949 0.044785
1832712 0.044810
1834475 0.048780
1836239 0.048753
1838002 0.048780
1839765 0.052751
1841529 0.052721
1843292 0.052751
1845056 0.056689
1846819 0.056154
1848582 0.056721
1850346 0.056689
1852109 0.060125
1853872 0.060692
1855636 0.060658
1857399 0.064095
1859162 0.064095
1860926 0.064626
1862689 0.068066
1864452 0.068066
1866216 0.068594
1867979 0.064095
1869742 0.064663
1871506 0.064626
1873269 0.064095
1875032 0.060692
1876796 0.060658
1878559 0.060125
1880322 0.056721
1882086 0.056689
1883849 0.056721
1885612 0.052751
1887376 0.052721
1889139 0.052751
1890903 0.048753
1892666 0.048213
1894429 0.048780
1896193 0.044785
1897956 0.044810
1899719 0.044810
1901483 0.044785
1903246 0.040839
1905009 0.040839
1906773 0.040816
1908536 0.036869
1910299 0.036869
1912063 0.037415
1913826 0.035735
1915589 0.032898
1917353 0.033447
1919116 0.032898
1920879 0.032898
1922643 0.033447
1924406 0.032898
1926169 0.033466
1927933 0.029478
1929696 0.028928
1931459 0.029495
1933223 0.025510
1934986 0.024957
1936749 0.025525
1938513 0.025510
1940276 0.024957
1942040 0.025510
1943803 0.020987
1945566 0.021554
1947330 0.021542
1949093 0.020987
1950856 0.017584
1952620 0.017574
1954383 0.017016
1956146 0.017584
1957910 0.017574
1959673 0.017584
1961436 0.013613
1963200 0.013605
1964963 0.013613
1966726 0.013613
1968490 0.013605
1970253 0.013613
1972016 0.013613
1973780 0.010204
1975543 0.009643
1977306 0.009643
1979070 0.010204
1980833 0.009643
1982596 0.009643
1984360 0.010204
1986123 0.009643
1987887 0.009637
1989650 0.005672
1991413 0.005672
1993177 0.005669
1994940 0.005672
1996703 0.005672
1998467 0.005669
2000230 0.005672
2001993 0.005672
2003757 0.006236
2005520 0.005672
2007283 0.001702
2009047 0.002268
2010810 0.001702
2012573 0.001702
2014337 0.002268
2016100 0.001702
2017863 0.001702
2019627 0.002268
2021390 0.001702
2023153 0.001702
2024917 0.002268
2026680 0.001702
2028443 0.001702
2030207 0.002268
2031970 0.001702
2033734 0.001701
2035497 0.001702
2037260 0.001702
2039024 0.002268
2040787 0.001702
2042550 0.001702
2044314 0.002268
2046077 0.001702
2047840 0.001702
2049604 0.002268
2051367 0.001702
2053130 0.001702
2054894 0.002268
2056657 0.001702
2058420 0.001702
2060184 0.002268
2061947 0.001702
2063710 0.001702
2065474 0.002268
2067237 0.001702
2069000 0.001702
2070764 0.006236
2072527 0.005672
2074290 0.005672
2076054 0.006236
2077817 0.005672
2079580 0.005672
2081344 0.006236
2083107 0.005672
2084871 0.005669
2086634 0.009643
2088397 0.009643
2090161 0.009637
2091924 0.009643
2093687 0.009643
2095451 0.009637
2097214 0.009643
2098977 0.009643
2100741 0.009637
2102504 0.009643
2104267 0.013613
2106031 0.013605
2107794 0.013613
2109557 0.013613
2111321 0.013605
2113084 0.013613
2114847 0.013613
2116611 0.017574
2118374 0.017584
