0 0.000000
596 0.981544
2359 0.994328
4122 0.994328
5886 0.993764
7649 0.994328
9413 0.993764
11176 0.990357
12939 0.990357
14703 0.989796
16466 0.990357
18229 0.990357
19993 0.989796
21756 0.990357
23519 0.990357
25283 0.989796
27046 0.990357
28809 0.986387
30573 0.985828
32336 0.986387
34099 0.986387
35863 0.985828
37626 0.986387
39389 0.986387
41153 0.985828
42916 0.986387
44679 0.986387
46443 0.982426
48206 0.982416
49969 0.982416
51733 0.982426
53496 0.982416
55259 0.982416
57023 0.978458
58786 0.978446
60550 0.978458
62313 0.978446
64076 0.978446
65840 0.978458
67603 0.978446
69366 0.974475
71130 0.974490
72893 0.974475
74656 0.971072
76420 0.970522
78183 0.970505
79946 0.971072
81710 0.970522
83473 0.970505
85236 0.967102
87000 0.966553
88763 0.966534
90526 0.963131
92290 0.962585
94053 0.963131
95816 0.963131
97580 0.962585
99343 0.963131
101106 0.963131
102870 0.958617
104633 0.959161
106397 0.958617
108160 0.955190
109923 0.955190
111687 0.954649
113450 0.951220
115213 0.951220
116977 0.950680
118740 0.951220
120503 0.947249
122267 0.947279
124030 0.947249
125793 0.943279
127557 0.943311
129320 0.943279
131083 0.939308
132847 0.939342
134610 0.939308
136373 0.935905
138137 0.935374
139900 0.935337
141663 0.935905
143427 0.931406
145190 0.931367
146953 0.931934
148717 0.927438
150480 0.927964
152244 0.927438
154007 0.931367
155770 0.931934
157534 0.931406
159297 0.935337
161060 0.935337
162824 0.935374
164587 0.935337
166350 0.939308
168114 0.939342
169877 0.939308
171640 0.943279
173404 0.943311
175167 0.943279
176930 0.947249
178694 0.947279
180457 0.947249
182220 0.951220
183984 0.951247
185747 0.951220
187510 0.951220
189274 0.954649
191037 0.955190
192800 0.955190
194564 0.958617
196327 0.959161
198091 0.958617
199854 0.962564
201617 0.963131
203381 0.962585
205144 0.962564
206907 0.963131
208671 0.962585
210434 0.962564
212197 0.967102
213961 0.966553
215724 0.966534
217487 0.971072
219251 0.970522
221014 0.970505
222777 0.971072
224541 0.970522
226304 0.970505
228067 0.975043
229831 0.974490
231594 0.974475
233357 0.975043
235121 0.978458
236884 0.978446
238647 0.978446
240411 0.978458
242174 0.978446
243937 0.978446
245701 0.982426
247464 0.982416
249228 0.981859
250991 0.982416
252754 0.982416
254518 0.981859
256281 0.986387
258044 0.986387
259808 0.985828
261571 0.986387
263334 0.986387
265098 0.985828
266861 0.986387
268624 0.986387
270388 0.985828
272151 0.986387
273914 0.990357
275678 0.989796
277441 0.990357
279204 0.990357
280968 0.989796
282731 0.990357
284494 0.990357
286258 0.989796
288021 0.990357
289784 0.990357
291548 0.993764
293311 0.994328
295075 0.993764
296838 0.993761
298601 0.994328
300365 0.993764
302128 0.993761
303891 0.994328
305655 0.993764
307418 0.993761
309181 0.994328
310945 0.993764
312708 0.994328
314471 0.994328
316235 0.993764
317994 0.996589
317998 0.250000
319761 0.994328
321525 0.993764
323288 0.994328
325051 0.994328
326815 0.993764
328578 0.994328
330341 0.994328
332105 0.993764
333868 0.994328
335631 0.994328
337395 0.993764
339158 0.994328
340922 0.993764
342685 0.993761
344448 0.994328
346212 0.993764
347975 0.993761
349738 0.994328
351502 0.993764
353265 0.993761
355028 0.990357
356792 0.989796
358555 0.990357
360318 0.990357
362082 0.989796
363845 0.990357
365608 0.990357
367372 0.989796
369135 0.990357
370898 0.986387
372662 0.986395
374425 0.986387
376188 0.986387
377952 0.986395
379715 0.986387
381478 0.986387
383242 0.986395
385005 0.986387
386769 0.985828
388532 0.982416
390295 0.982416
392059 0.981859
393822 0.982416
395585 0.982416
397349 0.981859
399112 0.978446
400875 0.978446
402639 0.978458
404402 0.978446
406165 0.978446
407929 0.978458
409692 0.978446
411455 0.974475
413219 0.974490
414982 0.974475
416745 0.971072
418509 0.970522
420272 0.970505
422035 0.971072
423799 0.970522
425562 0.970505
427325 0.971072
429089 0.966553
430852 0.966534
432615 0.967102
434379 0.962585
436142 0.963131
437906 0.962585
439669 0.962564
441432 0.963131
443196 0.962585
444959 0.958593
446722 0.959161
448486 0.958617
450249 0.959161
452012 0.955190
453776 0.954649
455539 0.955190
457302 0.951220
459066 0.950680
460829 0.951220
462592 0.947249
464356 0.947279
466119 0.947249
467882 0.943279
469646 0.943311
471409 0.943279
473172 0.943279
474936 0.939342
476699 0.939308
478462 0.939875
480226 0.935374
481989 0.935337
483753 0.935374
485516 0.931367
487279 0.931934
489043 0.931406
490806 0.927396
492569 0.927964
494333 0.927438
496096 0.927396
497859 0.916052
499623 0.915533
501386 0.916052
503149 0.900737
504913 0.900227
506676 0.900170
508439 0.888826
510203 0.888322
511966 0.888826
513729 0.872944
515493 0.873016
517256 0.872944
519019 0.872944
520783 0.861111
522546 0.861032
524309 0.861600
526073 0.845805
527836 0.845718
529600 0.845238
531363 0.833806
533126 0.833806
534890 0.833900
536653 0.817924
538416 0.818491
540180 0.818027
541943 0.806580
543706 0.806580
545470 0.806689
547233 0.806580
548996 0.791265
550760 0.790816
552523 0.790698
554286 0.779353
556050 0.778912
557813 0.779353
559576 0.764039
561340 0.763605
563103 0.763471
564866 0.748157
566630 0.747732
568393 0.748157
570156 0.748157
571920 0.736395
573683 0.736245
575447 0.735828
577210 0.720363
578973 0.720930
580737 0.720522
582500 0.705048
584263 0.705048
586027 0.704649
587790 0.689166
589553 0.689733
591317 0.689342
593080 0.689166
594843 0.677822
596607 0.677438
598370 0.677822
600133 0.661940
601897 0.662132
603660 0.661940
605423 0.646625
607187 0.646259
608950 0.646625
610713 0.630743
612477 0.630952
614240 0.630743
616003 0.630743
617767 0.619048
619530 0.618832
621293 0.619399
623057 0.603741
624820 0.603517
626584 0.603175
628347 0.587635
630110 0.587635
631874 0.587868
633637 0.572320
635400 0.572320
637164 0.571995
638927 0.572320
640690 0.556438
642454 0.556689
644217 0.556438
645980 0.545094
647744 0.544785
649507 0.544526
651270 0.529212
653034 0.529478
654797 0.529212
656560 0.513897
658324 0.513605
660087 0.513330
661850 0.513897
663614 0.498299
665377 0.498015
667140 0.498015
668904 0.482426
670667 0.482133
672431 0.482426
674194 0.466818
675957 0.466818
677721 0.466553
679484 0.450936
681247 0.450936
683011 0.451247
684774 0.450936
686537 0.439592
688301 0.439342
690064 0.439024
691827 0.423710
693591 0.424036
695354 0.423710
697117 0.408395
698881 0.408163
700644 0.407828
702407 0.392513
704171 0.392857
705934 0.392513
707697 0.377198
709461 0.376984
711224 0.376631
712987 0.377198
714751 0.365079
716514 0.365286
718278 0.365079
720041 0.349404
721804 0.349404
723568 0.349773
725331 0.333522
727094 0.334090
728858 0.333900
730621 0.318208
732384 0.318208
734148 0.318594
735911 0.318208
737674 0.306863
739438 0.306689
741201 0.306296
742964 0.290981
744728 0.290816
746491 0.290981
748254 0.275666
750018 0.275510
751781 0.275099
753544 0.259784
755308 0.259637
757071 0.259784
758834 0.259784
760598 0.248299
762361 0.247873
764125 0.247732
765888 0.231991
767651 0.232558
769415 0.232426
771178 0.216676
772941 0.216676
774705 0.216553
776468 0.204765
778231 0.204765
779995 0.205215
781758 0.204765
783521 0.189450
785285 0.189342
787048 0.189450
788811 0.177538
790575 0.178005
792338 0.177538
794101 0.162223
795865 0.162132
797628 0.161656
799391 0.150312
801155 0.150794
802918 0.150312
804681 0.150312
806445 0.134921
808208 0.134430
809972 0.134921
811735 0.122518
813498 0.123086
815262 0.123016
817025 0.107204
818788 0.107204
820552 0.107710
822315 0.095292
824078 0.095859
825842 0.095805
827605 0.095292
829368 0.079977
831132 0.079932
832895 0.079977
834658 0.068066
836422 0.068594
838185 0.068066
839948 0.064663
841712 0.064626
843475 0.064095
845238 0.060692
847002 0.060658
848765 0.060125
850528 0.056721
852292 0.056689
854055 0.056721
855818 0.056721
857582 0.052721
859345 0.052751
861109 0.052721
862872 0.048780
864635 0.048780
866399 0.048753
868162 0.044810
869925 0.044810
871689 0.044785
873452 0.040839
875215 0.040839
876979 0.041383
878742 0.040839
880505 0.036869
882269 0.037415
884032 0.036869
885795 0.032898
887559 0.033447
889322 0.032898
891085 0.032898
892849 0.033447
894612 0.032898
896375 0.029495
898139 0.029478
899902 0.028928
901665 0.029495
903429 0.028345
905192 0.024957
906956 0.025510
908719 0.024957
910482 0.025525
912246 0.025510
914009 0.024957
915772 0.021554
917536 0.021542
919299 0.020987
921062 0.017584
922826 0.017574
924589 0.017584
926352 0.017584
928116 0.017574
929879 0.017584
931642 0.017584
933406 0.013605
935169 0.013613
936932 0.013613
938696 0.013605
940459 0.013613
942222 0.013613
943986 0.010204
945749 0.009643
947512 0.009643
949276 0.010204
951039 0.009643
952803 0.009637
954566 0.009643
956329 0.009643
958093 0.009637
959856 0.009643
961619 0.005672
963383 0.005669
965146 0.005672
966909 0.005672
968673 0.005669
970436 0.005672
972199 0.005672
973963 0.006236
975726 0.005672
977489 0.005672
979253 0.002268
981016 0.001702
982779 0.001702
984543 0.002268
986306 0.001702
988069 0.001702
989833 0.002268
991596 0.001702
993359 0.001702
995123 0.002268
996886 0.001702
998650 0.001701
1000413 0.001702
1002176 0.001702
1003940 0.002268
1005703 0.001702
1007466 0.001702
1009230 0.002268
1010993 0.001702
1012756 0.001702
1014520 0.002268
1016283 0.001702
1018046 0.001702
1019810 0.002268
1021573 0.001702
1023336 0.001702
1025100 0.002268
1026863 0.001702
1028626 0.001702
1030390 0.002268
1032153 0.001702
1033916 0.001702
1035680 0.002268
1037443 0.001702
1039206 0.001702
1040970 0.006236
1042733 0.005672
1044497 0.005669
1046260 0.005672
1048023 0.005672
1049787 0.005669
1051550 0.005672
1053313 0.005672
1055077 0.005669
1056840 0.005672
1058603 0.009643
1060367 0.009637
1062130 0.009643
1063893 0.009643
1065657 0.009637
1067420 0.009643
1069183 0.009643
1070947 0.009637
1072710 0.009643
1074473 0.009643
1076237 0.013605
1078000 0.013613
1079763 0.013613
1081527 0.013605
1083290 0.013613
1085053 0.013613
1086817 0.017574
1088580 0.017584
1090343 0.017584
1092107 0.017574
1093870 0.017584
1095634 0.017574
1097397 0.017016
1099160 0.021554
1100924 0.021542
1102687 0.020987
1104450 0.025525
1106214 0.025510
1107977 0.024957
1109740 0.025525
1111504 0.025510
1113267 0.024957
1115030 0.025525
1116794 0.029478
1118557 0.028928
1120320 0.032898
1122084 0.033447
1123847 0.032898
1125610 0.032898
1127374 0.033447
1129137 0.032898
1130900 0.036869
1132664 0.037415
1134427 0.036869
1136190 0.036869
1137954 0.041383
1139717 0.040839
1141481 0.040816
1143244 0.040839
1145007 0.044810
1146771 0.044785
1148534 0.048780
1150297 0.048780
1152061 0.048753
1153824 0.052184
1155587 0.052751
1157351 0.052721
1159114 0.056154
1160877 0.056721
1162641 0.056689
1164404 0.056154
1166167 0.060692
1167931 0.060658
1169694 0.060125
1171457 0.064663
1173221 0.064626
1174984 0.064095
1176747 0.068633
1178511 0.068594
1180274 0.068066
1182037 0.064663
1183801 0.064626
1185564 0.064095
1187327 0.064663
1189091 0.060658
1190854 0.060692
1192618 0.060658
1194381 0.056154
1196144 0.056721
1197908 0.056689
1199671 0.052184
1201434 0.052751
1203198 0.052721
1204961 0.048780
1206724 0.048780
1208488 0.048753
1210251 0.048780
1212014 0.044810
1213778 0.044785
1215541 0.044810
1217304 0.040839
1219068 0.041383
1220831 0.040839
1222594 0.036869
1224358 0.037415
1226121 0.036869
1227884 0.033466
1229648 0.033447
1231411 0.032898
1233174 0.033466
1234938 0.033447
1236701 0.032898
1238465 0.033447
1240228 0.028928
1241991 0.028928
1243755 0.029478
1245518 0.027794
1247281 0.025525
1249045 0.025510
1250808 0.024957
1252571 0.025525
1254335 0.025510
1256098 0.024957
1257861 0.025525
1259625 0.021542
1261388 0.020987
1263151 0.021554
1264915 0.017574
1266678 0.017584
1268441 0.017584
1270205 0.017574
1271968 0.017584
1273731 0.017584
1275495 0.013605
1277258 0.013613
1279021 0.013613
1280785 0.013605
1282548 0.013613
1284312 0.013605
1286075 0.013613
1287838 0.009643
1289602 0.009637
1291365 0.009643
1293128 0.009643
1294892 0.009637
1296655 0.009643
1298418 0.009643
1300182 0.009637
1301945 0.009643
1303708 0.005672
1305472 0.006236
1307235 0.005672
1308998 0.005672
1310762 0.006236
1312525 0.005672
1314288 0.005672
1316052 0.006236
1317815 0.005672
1319578 0.005672
1321342 0.002268
1323105 0.001702
1324868 0.001702
1326632 0.002268
1328395 0.001702
1330159 0.001701
1331922 0.001702
1333685 0.001702
1335449 0.002268
1337212 0.001702
1338975 0.001702
1340739 0.002268
1342502 0.001702
1344265 0.001702
1346029 0.002268
1347792 0.001702
1349555 0.001702
1351319 0.002268
1353082 0.001702
1354845 0.001702
1356609 0.002268
1358372 0.001702
1360135 0.001702
1361899 0.002268
1363662 0.001702
1365425 0.001702
1367189 0.002268
1368952 0.001702
1370715 0.001702
1372479 0.002268
1374242 0.001702
1376006 0.001701
1377769 0.001702
1379532 0.001702
1381296 0.002268
1383059 0.001702
1384822 0.005672
1386586 0.005669
1388349 0.005672
1390112 0.005672
1391876 0.005669
1393639 0.005672
1395402 0.005672
1397166 0.006236
1398929 0.005672
1400692 0.005672
1402456 0.009637
1404219 0.009643
1405982 0.009643
1407746 0.009637
1409509 0.009643
1411272 0.009643
1413036 0.010204
1414799 0.009643
1416562 0.009643
1418326 0.013605
1420089 0.013613
1421852 0.013613
1423616 0.013605
1425379 0.013613
1427143 0.013605
1428906 0.013613
1430669 0.017584
1432433 0.017574
1434196 0.017016
1435959 0.017584
1437723 0.017574
1439486 0.017016
1441249 0.021554
1443013 0.021542
1444776 0.020987
1446539 0.025525
1448303 0.025510
1450066 0.024957
1451829 0.025525
1453593 0.025510
1455356 0.024957
1457119 0.025525
1458883 0.029478
1460646 0.028928
1462409 0.033466
1464173 0.033447
1465936 0.032898
1467699 0.033466
1469463 0.033447
1471226 0.032898
1472990 0.033447
1474753 0.036869
1476516 0.036869
1478280 0.037415
1480043 0.040839
1481806 0.040839
1483570 0.040816
1485333 0.044810
1487096 0.044810
1488860 0.044785
1490623 0.048780
1492386 0.048780
1494150 0.048753
1495913 0.048780
1497676 0.052751
1499440 0.052721
1501203 0.052751
1502966 0.056721
1504730 0.056689
1506493 0.056154
1508256 0.060692
1510020 0.060658
1511783 0.060125
1513546 0.064663
1515310 0.064626
1517073 0.064095
1518837 0.064626
1520600 0.068066
1522363 0.068066
1524127 0.068594
1525890 0.079977
1527653 0.079977
1529417 0.079932
1531180 0.095292
1532943 0.095859
1534707 0.095805
1536470 0.107204
1538233 0.107204
1539997 0.107710
1541760 0.107204
1543523 0.123086
1545287 0.123016
1547050 0.123086
1548813 0.134997
1550577 0.134921
1552340 0.134430
1554103 0.150312
1555867 0.150227
1557630 0.150312
1559393 0.162223
1561157 0.162132
1562920 0.162223
1564683 0.162223
1566447 0.178005
1568210 0.177538
1569974 0.177438
1571737 0.188883
1573500 0.189450
1575264 0.189342
1577027 0.204765
1578790 0.204765
1580554 0.205215
1582317 0.216676
1584080 0.216676
1585844 0.216553
1587607 0.216676
1589370 0.232558
1591134 0.232426
1592897 0.231991
1594660 0.247873
1596424 0.248299
1598187 0.247873
1599950 0.259784
1601714 0.259637
1603477 0.259784
1605240 0.275666
1607004 0.275510
1608767 0.275099
1610530 0.290981
1612294 0.291383
1614057 0.290981
1615821 0.290816
1617584 0.306296
1619347 0.306296
1621111 0.306689
1622874 0.318208
1624637 0.318208
1626401 0.318594
1628164 0.333522
1629927 0.334090
1631691 0.333900
1633454 0.349404
1635217 0.349404
1636981 0.349773
1638744 0.349404
1640507 0.365286
1642271 0.365079
1644034 0.365286
1645797 0.377198
1647561 0.376984
1649324 0.376631
1651087 0.392513
1652851 0.392857
1654614 0.392513
1656377 0.408395
1658141 0.408163
1659904 0.408395
1661668 0.408163
1663431 0.423710
1665194 0.423710
1666958 0.423469
1668721 0.439024
1670484 0.439592
1672248 0.439342
1674011 0.450936
1675774 0.450936
1677538 0.451247
1679301 0.466818
1681064 0.466818
1682828 0.466553
1684591 0.466818
1686354 0.482700
1688118 0.482426
1689881 0.482133
1691644 0.498015
1693408 0.497732
1695171 0.498015
1696934 0.513897
1698698 0.513605
1700461 0.513330
1702224 0.529212
1703988 0.529478
1705751 0.529212
1707514 0.529212
1709278 0.544785
1711041 0.545094
1712805 0.544785
1714568 0.556438
1716331 0.556438
1718095 0.556689
1719858 0.572320
1721621 0.572320
1723385 0.571995
1725148 0.587635
1726911 0.587635
1728675 0.587868
1730438 0.587635
1732201 0.603517
1733965 0.603175
1735728 0.603517
1737491 0.619399
1739255 0.619048
1741018 0.618832
1742781 0.630743
1744545 0.630952
1746308 0.630743
1748071 0.646625
1749835 0.646259
1751598 0.646625
1753361 0.662507
1755125 0.662132
1756888 0.661940
1758652 0.662132
1760415 0.677255
1762178 0.677822
1763942 0.677438
1765705 0.689166
1767468 0.689733
1769232 0.689342
1770995 0.705048
1772758 0.705048
1774522 0.704649
1776285 0.720363
1778048 0.720930
1779812 0.720522
1781575 0.720363
1783338 0.736245
1785102 0.736395
1786865 0.736245
1788628 0.748157
1790392 0.747732
1792155 0.748157
1793918 0.764039
1795682 0.763605
1797445 0.763471
1799208 0.779353
1800972 0.779478
1802735 0.779353
1804499 0.778912
1806262 0.790698
1808025 0.791265
1809789 0.790816
1811552 0.806580
1813315 0.806580
1815079 0.806689
1816842 0.818491
1818605 0.818491
1820369 0.818027
1822132 0.833806
1823895 0.833806
1825659 0.833900
1827422 0.833806
1829185 0.845718
1830949 0.845805
1832712 0.845718
1834475 0.861600
1836239 0.861111
1838002 0.861032
1839765 0.872944
1841529 0.873016
1843292 0.872944
1845055 0.888826
1846819 0.888322
1848582 0.888826
1850346 0.888322
1852109 0.900170
1853872 0.900170
1855636 0.900227
1857399 0.916052
1859162 0.916052
1860926 0.915533
1862689 0.927396
1864452 0.927964
1866216 0.927438
1867979 0.931367
1869742 0.931934
1871506 0.931406
1873269 0.931367
1875032 0.935905
1876796 0.935374
1878559 0.935337
1880322 0.939308
1882086 0.939342
1883849 0.939308
1885612 0.943279
1887376 0.943311
1889139 0.943279
1890902 0.947249
1892666 0.947279
1894429 0.947249
1896192 0.951220
1897956 0.951247
1899719 0.951220
1901483 0.950680
1903246 0.955190
1905009 0.955190
1906773 0.954649
1908536 0.958593
1910299 0.959161
1912063 0.958617
1913826 0.962564
1915589 0.963131
1917353 0.962585
1919116 0.962564
1920879 0.963131
1922643 0.962585
1924406 0.962564
1926169 0.967102
1927933 0.966553
1929696 0.966534
1931459 0.971072
1933223 0.970522
1934986 0.970505
1936749 0.971072
1938513 0.970522
1940276 0.970505
1942039 0.975043
1943803 0.974490
1945566 0.974475
1947330 0.974490
1949093 0.978446
1950856 0.978446
1952620 0.978458
1954383 0.978446
1956146 0.978446
1957910 0.978458
1959673 0.982416
1961436 0.982416
1963200 0.982426
1964963 0.982416
1966726 0.982416
1968490 0.982426
1970253 0.982416
1972016 0.986387
1973780 0.985828
1975543 0.986387
1977306 0.986387
1979070 0.986395
1980833 0.986387
1982596 0.986387
1984360 0.986395
1986123 0.986387
1987886 0.990357
1989650 0.989796
1991413 0.990357
1993177 0.989796
1994940 0.990357
1996703 0.990357
1998467 0.989796
2000230 0.990357
2001993 0.990357
2003757 0.989796
2005520 0.993761
2007283 0.994328
2009047 0.993764
2010810 0.994328
2012573 0.994328
2014337 0.993764
2016100 0.994328
2017863 0.994328
2019627 0.993764
2021390 0.994328
2023153 0.994328
2024917 0.993764
2026680 0.994328
2028443 0.994328
2030207 0.993764
2031970 0.994328
2033733 0.994328
2035497 0.993764
2037260 0.994328
2039024 0.993764
2040787 0.993761
2042550 0.994328
2044314 0.993764
2046077 0.993761
2047840 0.994328
2049604 0.993764
2051367 0.993761
2053130 0.994328
2054894 0.993764
2056657 0.994328
2058420 0.994328
2060184 0.993764
2061947 0.994328
2063710 0.994328
2065474 0.993764
2067233 0.996589
2067237 0.250000
2069000 0.990357
2070764 0.989796
2072527 0.990357
2074290 0.990357
2076054 0.989796
2077817 0.990357
2079580 0.990357
2081344 0.989796
2083107 0.990357
2084870 0.986387
2086634 0.986395
2088397 0.986387
2090161 0.985828
2091924 0.986387
2093687 0.986387
2095451 0.985828
2097214 0.986387
2098977 0.986387
2100741 0.985828
2102504 0.982416
2104267 0.982416
2106031 0.982426
2107794 0.982416
2109557 0.982416
2111321 0.982426
2113084 0.982416
2114847 0.978446
2116611 0.978458
2118374 0.978446
