0 128
1 132
2 136
3 140
4 143
5 147
6 151
7 155
8 159
9 162
10 166
11 170
12 174
13 177
14 181
15 185
16 189
17 192
18 196
19 200
20 203
21 207
22 210
23 214
24 217
25 221
26 224
27 228
28 231
29 235
30 238
31 239
32 240
33 241
34 242
35 243
36 244
37 245
38 246
39 247
40 247
41 248
42 249
43 249
44 250
45 251
46 251
47 252
48 252
49 253
50 253
51 253
52 254
53 254
54 254
55 255
56 255
57 255
58 255
59 255
60 255
61 255
62 255
63 255
64 255
65 255
66 254
67 254
68 254
69 253
70 253
71 253
72 252
73 252
74 251
75 251
76 250
77 249
78 249
79 248
80 247
81 247
82 246
83 245
84 244
85 243
86 242
87 241
88 240
89 239
90 238
91 239
92 240
93 241
94 242
95 243
96 244
97 245
98 246
99 247
100 247
101 248
102 249
103 249
104 250
105 251
106 251
107 252
108 252
109 253
110 253
111 253
112 254
113 254
114 254
115 255
116 255
117 255
118 255
119 255
120 255
121 255
122 255
123 255
124 255
125 255
126 254
127 254
128 254
129 253
130 253
131 253
132 252
133 252
134 251
135 251
136 250
137 249
138 249
139 248
140 247
141 247
142 246
143 245
144 244
145 243
146 242
147 241
148 240
149 239
150 238
151 235
152 231
153 228
154 224
155 221
156 217
157 214
158 210
159 207
160 203
161 200
162 196
163 192
164 189
165 185
166 181
167 177
168 174
169 170
170 166
171 162
172 159
173 155
174 151
175 147
176 143
177 140
178 136
179 132
180 128
181 124
182 120
183 116
184 113
185 109
186 105
187 101
188 97
189 94
190 90
191 86
192 82
193 79
194 75
195 71
196 67
197 64
198 60
199 56
200 53
201 49
202 46
203 42
204 39
205 35
206 32
207 28
208 25
209 21
210 18
211 17
212 16
213 15
214 14
215 13
216 12
217 11
218 10
219 9
220 9
221 8
222 7
223 7
224 6
225 5
226 5
227 4
228 4
229 3
230 3
231 3
232 2
233 2
234 2
235 1
236 1
237 1
238 1
239 1
240 1
241 1
242 1
243 1
244 1
245 1
246 2
247 2
248 2
249 3
250 3
251 3
252 4
253 4
254 5
255 5
256 6
257 7
258 7
259 8
260 9
261 9
262 10
263 11
264 12
265 13
266 14
267 15
268 16
269 17
270 18
271 17
272 16
273 15
274 14
275 13
276 12
277 11
278 10
279 9
280 9
281 8
282 7
283 7
284 6
285 5
286 5
287 4
288 4
289 3
290 3
291 3
292 2
293 2
294 2
295 1
296 1
297 1
298 1
299 1
300 1
301 1
302 1
303 1
304 1
305 1
306 2
307 2
308 2
309 3
310 3
311 3
312 4
313 4
314 5
315 5
316 6
317 7
318 7
319 8
320 9
321 9
322 10
323 11
324 12
325 13
326 14
327 15
328 16
329 17
330 18
331 21
332 25
333 28
334 32
335 35
336 39
337 42
338 46
339 49
340 53
341 56
342 60
343 64
344 67
345 71
346 75
347 79
348 82
349 86
350 90
351 94
352 97
353 101
354 105
355 109
356 113
357 116
358 120
359 124};