0 1
1 1
2 1
3 1
4 1
5 1
6 2
7 2
8 2
9 3
10 3
11 3
12 4
13 4
14 5
15 5
16 6
17 7
18 7
19 8
20 9
21 9
22 10
23 11
24 12
25 13
26 14
27 15
28 16
29 17
30 18
31 17
32 16
33 15
34 14
35 13
36 12
37 11
38 10
39 9
40 9
41 8
42 7
43 7
44 6
45 5
46 5
47 4
48 4
49 3
50 3
51 3
52 2
53 2
54 2
55 1
56 1
57 1
58 1
59 1
60 1
61 1
62 1
63 1
64 1
65 1
66 2
67 2
68 2
69 3
70 3
71 3
72 4
73 4
74 5
75 5
76 6
77 7
78 7
79 8
80 9
81 9
82 10
83 11
84 12
85 13
86 14
87 15
88 16
89 17
90 18
91 21
92 25
93 28
94 32
95 35
96 39
97 42
98 46
99 49
100 53
101 56
102 60
103 64
104 67
105 71
106 75
107 79
108 82
109 86
110 90
111 94
112 97
113 101
114 105
115 109
116 113
117 116
118 120
119 124
120 128
121 132
122 136
123 140
124 143
125 147
126 151
127 155
128 159
129 162
130 166
131 170
132 174
133 177
134 181
135 185
136 189
137 192
138 196
139 200
140 203
141 207
142 210
143 214
144 217
145 221
146 224
147 228
148 231
149 235
150 238
151 239
152 240
153 241
154 242
155 243
156 244
157 245
158 246
159 247
160 247
161 248
162 249
163 249
164 250
165 251
166 251
167 252
168 252
169 253
170 253
171 253
172 254
173 254
174 254
175 255
176 255
177 255
178 255
179 255
180 255
181 255
182 255
183 255
184 255
185 255
186 254
187 254
188 254
189 253
190 253
191 253
192 252
193 252
194 251
195 251
196 250
197 249
198 249
199 248
200 247
201 247
202 246
203 245
204 244
205 243
206 242
207 241
208 240
209 239
210 238
211 239
212 240
213 241
214 242
215 243
216 244
217 245
218 246
219 247
220 247
221 248
222 249
223 249
224 250
225 251
226 251
227 252
228 252
229 253
230 253
231 253
232 254
233 254
234 254
235 255
236 255
237 255
238 255
239 255
240 255
241 255
242 255
243 255
244 255
245 255
246 254
247 254
248 254
249 253
250 253
251 253
252 252
253 252
254 251
255 251
256 250
257 249
258 249
259 248
260 247
261 247
262 246
263 245
264 244
265 243
266 242
267 241
268 240
269 239
270 238
271 235
272 231
273 228
274 224
275 221
276 217
277 214
278 210
279 207
280 203
281 200
282 196
283 192
284 189
285 185
286 181
287 177
288 174
289 170
290 166
291 162
292 159
293 155
294 151
295 147
296 143
297 140
298 136
299 132
300 128
301 124
302 120
303 116
304 113
305 109
306 105
307 101
308 97
309 94
310 90
311 86
312 82
313 79
314 75
315 71
316 67
317 64
318 60
319 56
320 53
321 49
322 46
323 42
324 39
325 35
326 32
327 28
328 25
329 21
330 18
331 17
332 16
333 15
334 14
335 13
336 12
337 11
338 10
339 9
340 9
341 8
342 7
343 7
344 6
345 5
346 5
347 4
348 4
349 3
350 3
351 3
352 2
353 2
354 2
355 1
356 1
357 1
358 1
359 1};