0 128 1
1 132 1
2 136 1
3 140 1
4 143 1
5 147 1
6 151 2
7 155 2
8 159 2
9 162 3
10 166 3
11 170 3
12 174 4
13 177 4
14 181 5
15 185 5
16 189 6
17 192 7
18 196 7
19 200 8
20 203 9
21 207 9
22 210 10
23 214 11
24 217 12
25 221 13
26 224 14
27 228 15
28 231 16
29 235 17
30 238 18
31 239 17
32 240 16
33 241 15
34 242 14
35 243 13
36 244 12
37 245 11
38 246 10
39 247 9
40 247 9
41 248 8
42 249 7
43 249 7
44 250 6
45 251 5
46 251 5
47 252 4
48 252 4
49 253 3
50 253 3
51 253 3
52 254 2
53 254 2
54 254 2
55 255 1
56 255 1
57 255 1
58 255 1
59 255 1
60 255 1
61 255 1
62 255 1
63 255 1
64 255 1
65 255 1
66 254 2
67 254 2
68 254 2
69 253 3
70 253 3
71 253 3
72 252 4
73 252 4
74 251 5
75 251 5
76 250 6
77 249 7
78 249 7
79 248 8
80 247 9
81 247 9
82 246 10
83 245 11
84 244 12
85 243 13
86 242 14
87 241 15
88 240 16
89 239 17
90 238 18
91 239 21
92 240 25
93 241 28
94 242 32
95 243 35
96 244 39
97 245 42
98 246 46
99 247 49
100 247 53
101 248 56
102 249 60
103 249 64
104 250 67
105 251 71
106 251 75
107 252 79
108 252 82
109 253 86
110 253 90
111 253 94
112 254 97
113 254 101
114 254 105
115 255 109
116 255 113
117 255 116
118 255 120
119 255 124
120 255 128
121 255 132
122 255 136
123 255 140
124 255 143
125 255 147
126 254 151
127 254 155
128 254 159
129 253 162
130 253 166
131 253 170
132 252 174
133 252 177
134 251 181
135 251 185
136 250 189
137 249 192
138 249 196
139 248 200
140 247 203
141 247 207
142 246 210
143 245 214
144 244 217
145 243 221
146 242 224
147 241 228
148 240 231
149 239 235
150 238 238
151 235 239
152 231 240
153 228 241
154 224 242
155 221 243
156 217 244
157 214 245
158 210 246
159 207 247
160 203 247
161 200 248
162 196 249
163 192 249
164 189 250
165 185 251
166 181 251
167 177 252
168 174 252
169 170 253
170 166 253
171 162 253
172 159 254
173 155 254
174 151 254
175 147 255
176 143 255
177 140 255
178 136 255
179 132 255
180 128 255
181 124 255
182 120 255
183 116 255
184 113 255
185 109 255
186 105 254
187 101 254
188 97 254
189 94 253
190 90 253
191 86 253
192 82 252
193 79 252
194 75 251
195 71 251
196 67 250
197 64 249
198 60 249
199 56 248
200 53 247
201 49 247
202 46 246
203 42 245
204 39 244
205 35 243
206 32 242
207 28 241
208 25 240
209 21 239
210 18 238
211 17 239
212 16 240
213 15 241
214 14 242
215 13 243
216 12 244
217 11 245
218 10 246
219 9 247
220 9 247
221 8 248
222 7 249
223 7 249
224 6 250
225 5 251
226 5 251
227 4 252
228 4 252
229 3 253
230 3 253
231 3 253
232 2 254
233 2 254
234 2 254
235 1 255
236 1 255
237 1 255
238 1 255
239 1 255
240 1 255
241 1 255
242 1 255
243 1 255
244 1 255
245 1 255
246 2 254
247 2 254
248 2 254
249 3 253
250 3 253
251 3 253
252 4 252
253 4 252
254 5 251
255 5 251
256 6 250
257 7 249
258 7 249
259 8 248
260 9 247
261 9 247
262 10 246
263 11 245
264 12 244
265 13 243
266 14 242
267 15 241
268 16 240
269 17 239
270 18 238
271 17 235
272 16 231
273 15 228
274 14 224
275 13 221
276 12 217
277 11 214
278 10 210
279 9 207
280 9 203
281 8 200
282 7 196
283 7 192
284 6 189
285 5 185
286 5 181
287 4 177
288 4 174
289 3 170
290 3 166
291 3 162
292 2 159
293 2 155
294 2 151
295 1 147
296 1 143
297 1 140
298 1 136
299 1 132
300 1 128
301 1 124
302 1 120
303 1 116
304 1 113
305 1 109
306 2 105
307 2 101
308 2 97
309 3 94
310 3 90
311 3 86
312 4 82
313 4 79
314 5 75
315 5 71
316 6 67
317 7 64
318 7 60
319 8 56
320 9 53
321 9 49
322 10 46
323 11 42
324 12 39
325 13 35
326 14 32
327 15 28
328 16 25
329 17 21
330 18 18
331 21 17
332 25 16
333 28 15
334 32 14
335 35 13
336 39 12
337 42 11
338 46 10
339 49 9
340 53 9
341 56 8
342 60 7
343 64 7
344 67 6
345 71 5
346 75 5
347 79 4
348 82 4
349 86 3
350 90 3
351 94 3
352 97 2
353 101 2
354 105 2
355 109 1
356 113 1
357 116 1
358 120 1
359 124 1};