0 255
1 255
2 255
3 255
4 255
5 255
6 254
7 254
8 254
9 253
10 253
11 253
12 252
13 252
14 251
15 251
16 250
17 249
18 249
19 248
20 247
21 247
22 246
23 245
24 244
25 243
26 242
27 241
28 240
29 239
30 238
31 235
32 231
33 228
34 224
35 221
36 217
37 214
38 210
39 207
40 203
41 200
42 196
43 192
44 189
45 185
46 181
47 177
48 174
49 170
50 166
51 162
52 159
53 155
54 151
55 147
56 143
57 140
58 136
59 132
60 128
61 124
62 120
63 116
64 113
65 109
66 105
67 101
68 97
69 94
70 90
71 86
72 82
73 79
74 75
75 71
76 67
77 64
78 60
79 56
80 53
81 49
82 46
83 42
84 39
85 35
86 32
87 28
88 25
89 21
90 18
91 17
92 16
93 15
94 14
95 13
96 12
97 11
98 10
99 9
100 9
101 8
102 7
103 7
104 6
105 5
106 5
107 4
108 4
109 3
110 3
111 3
112 2
113 2
114 2
115 1
116 1
117 1
118 1
119 1
120 1
121 1
122 1
123 1
124 1
125 1
126 2
127 2
128 2
129 3
130 3
131 3
132 4
133 4
134 5
135 5
136 6
137 7
138 7
139 8
140 9
141 9
142 10
143 11
144 12
145 13
146 14
147 15
148 16
149 17
150 18
151 17
152 16
153 15
154 14
155 13
156 12
157 11
158 10
159 9
160 9
161 8
162 7
163 7
164 6
165 5
166 5
167 4
168 4
169 3
170 3
171 3
172 2
173 2
174 2
175 1
176 1
177 1
178 1
179 1
180 1
181 1
182 1
183 1
184 1
185 1
186 2
187 2
188 2
189 3
190 3
191 3
192 4
193 4
194 5
195 5
196 6
197 7
198 7
199 8
200 9
201 9
202 10
203 11
204 12
205 13
206 14
207 15
208 16
209 17
210 18
211 21
212 25
213 28
214 32
215 35
216 39
217 42
218 46
219 49
220 53
221 56
222 60
223 64
224 67
225 71
226 75
227 79
228 82
229 86
230 90
231 94
232 97
233 101
234 105
235 109
236 113
237 116
238 120
239 124
240 128
241 132
242 136
243 140
244 143
245 147
246 151
247 155
248 159
249 162
250 166
251 170
252 174
253 177
254 181
255 185
256 189
257 192
258 196
259 200
260 203
261 207
262 210
263 214
264 217
265 221
266 224
267 228
268 231
269 235
270 238
271 239
272 240
273 241
274 242
275 243
276 244
277 245
278 246
279 247
280 247
281 248
282 249
283 249
284 250
285 251
286 251
287 252
288 252
289 253
290 253
291 253
292 254
293 254
294 254
295 255
296 255
297 255
298 255
299 255
300 255
301 255
302 255
303 255
304 255
305 255
306 254
307 254
308 254
309 253
310 253
311 253
312 252
313 252
314 251
315 251
316 250
317 249
318 249
319 248
320 247
321 247
322 246
323 245
324 244
325 243
326 242
327 241
328 240
329 239
330 238
331 239
332 240
333 241
334 242
335 243
336 244
337 245
338 246
339 247
340 247
341 248
342 249
343 249
344 250
345 251
346 251
347 252
348 252
349 253
350 253
351 253
352 254
353 254
354 254
355 255
356 255
357 255
358 255
359 255};